 7.16062
 5.86061
 4.30099
 2.65083
 1.08252
-0.24606
-1.20716
-1.71526
-1.73427
-1.27954
-0.41444
 0.75783
 2.10621
 3.48625
 4.75533
 5.78728
 6.48467
 6.78784
 6.67966
 6.18574
 5.37038
 4.32852
 3.17500
 2.03203
 1.01640
 0.22775
-0.26110
-0.41063
-0.21751
 0.28635
 1.03830
 1.95248
 2.92942
 3.86676
 4.66978
 5.26092
 5.58705
 5.62412
 5.37854
 4.88549
 4.20427
 3.41136
 2.59202
 1.83117
 1.20475
 0.77224
 0.57111
 0.61381
 0.88733
 1.35548
 1.96337
 2.64374
 3.32428
 3.93520
 4.41634
 4.72296
 4.82979
 4.73294
 4.44955
 4.01527
 3.47995
 2.90205
 2.34233
 1.85752
 1.49468
 1.28670
 1.24942
 1.38063
 1.66092
 2.05629
 2.52212
 3.00817
 3.46390
 3.84365
 4.11117
 4.24301
 4.23045
 4.07989
 3.81163
 3.45734
 3.05639
 2.65153
 2.28442
 1.99134
 1.79974
 1.72566
 1.77255
 1.93131
 2.18173
 2.49488
 2.83644
 3.17039
 3.46276
 3.68505
 3.81693
 3.84810
 3.77892
 3.62002
 3.39087
 3.11745
 2.82935
 2.55663
 2.32671
 2.16164
 2.07606
 2.07593
 2.15823
 2.31163
 2.51787
 2.75394
 2.99459
 3.21499
 3.39324
 3.51258
 3.56284
 3.54132
 3.45275
 3.30860
 3.12561
 2.92390
 2.72483
 2.54870
 2.41277
 2.32955
 2.30570
 2.34157
 2.43138
 2.56400
 2.72434
 2.89496
 3.05802
 3.19705
 3.29867
 3.35377
 3.35835
 3.31373
 3.22622
 3.10630
 2.96743
 2.82450
 2.69232
 2.58405
 2.50995
 2.47641
 2.48544
 2.53459
 2.61742
 2.72424
 2.84326
 2.96183
 3.06782
 3.15081
 3.20309
 3.22041
 3.20221
 3.15162
 3.07498
 2.98105
 2.88009
 2.78268
 2.69870
 2.63628
 2.60104
 2.59566
 2.61962
 2.66942
 2.73905
 2.82067
 2.90549
 2.98469
 3.05037
 3.09625
 3.11834
 3.11521
 3.08808
 3.04058
 2.97829
 2.90813
 2.83756
 2.77385
 2.72326
 2.69054
 2.67840
 2.68735
 2.71574
 2.75997
 2.81494
 2.87463
 2.93277
 2.98344
 3.02171
 3.04410
 3.04888
 3.03617
 3.00790
 2.96752
 2.91959
 2.86930
 2.82189
 2.78211
